[LEFT_CAM_2K]
fx=1394.94
fy=1394.94
cx=1120.55
cy=640.627
k1=-0.175648
k2=0.0284806
p1=-0.000581984
p2=-0.000221241
k3=0

[RIGHT_CAM_2K]
fx=1400.85
fy=1400.85
cx=1092.55
cy=651.821
k1=-0.1778
k2=0.0301504
p1=-0.000342525
p2=2.79821e-05
k3=0

[LEFT_CAM_FHD]
fx=1394.94
fy=1394.94
cx=976.55
cy=559.627
k1=-0.175648
k2=0.0284806
p1=-0.000581984
p2=-0.000221241
k3=0

[RIGHT_CAM_FHD]
fx=1400.85
fy=1400.85
cx=948.55
cy=570.821
k1=-0.1778
k2=0.0301504
p1=-0.000342525
p2=2.79821e-05
k3=0

[LEFT_CAM_HD]
fx=697.47
fy=697.47
cx=646.775
cy=368.3135
k1=-0.175648
k2=0.0284806
p1=-0.000581984
p2=-0.000221241
k3=0

[RIGHT_CAM_HD]
fx=700.425
fy=700.425
cx=632.775
cy=373.9105
k1=-0.1778
k2=0.0301504
p1=-0.000342525
p2=2.79821e-05
k3=0

[LEFT_CAM_VGA]
fx=348.735
fy=348.735
cx=338.8875
cy=191.65675
k1=-0.175648
k2=0.0284806
p1=-0.000581984
p2=-0.000221241
k3=0

[RIGHT_CAM_VGA]
fx=350.2125
fy=350.2125
cx=331.8875
cy=194.45525
k1=-0.1778
k2=0.0301504
p1=-0.000342525
p2=2.79821e-05
k3=0

[STEREO]
Baseline=63.0044
TY=-0.00184566
TZ=-0.0199681
CV_2K=0.000621721
CV_FHD=0.000621721
CV_HD=0.000621721
CV_VGA=0.000621721
RX_2K=0.00210569
RX_FHD=0.00210569
RX_HD=0.00210569
RX_VGA=0.00210569
RZ_2K=0.000889304
RZ_FHD=0.000889304
RZ_HD=0.000889304
RZ_VGA=0.000889304

